(74, -111) (-2, 3)
(-73, 111) (2, -3)
(-109, 74) (3, -2)
(77, 37) (-2, -1)
(-106, 74) (3, -2)
(-31, -111) (1, 3)
(-67, -74) (2, 2)
(-103, -74) (3, 2)
(46, 74) (-1, -2)
(-64, 37) (2, -1)
(-26, -111) (1, 3)
(12, -37) (0, 1)
(-94, -111) (3, 3)
(-93, 37) (3, -1)
(130, 74) (-3, -2)
(131, -74) (-3, 2)
(59, 111) (-1, -3)
(-51, -74) (2, 2)
(24, -37) (0, 1)
(-49, 111) (2, -3)
(137, -37) (-3, 1)
(138, 0) (-3, 0)
(139, -74) (-3, 2)
(140, 37) (-3, -1)
(-74, -111) (3, 3)
(-36, -111) (2, 3)
(2, -37) (1, 1)
(44, 74) (0, -2)
(119, 0) (-2, 0)
(-65, -74) (3, 2)
(-27, 37) (2, -1)
(-62, 111) (3, -3)
(50, 111) (0, -3)
(92, -111) (-1, 3)
(-18, 111) (2, -3)
(169, -74) (-3, 2)
(-15, 0) (2, 0)
(-51, -74) (3, 2)
(98, 74) (-1, -2)
(-48, 111) (3, -3)
(27, -74) (1, 2)
(-9, 37) (2, -1)
(29, 111) (1, -3)
(141, -74) (-2, 2)
(68, 111) (0, -3)
(-42, 37) (3, -1)
(144, 0) (-2, 0)
(149, -111) (-2, 3)
(-35, 37) (3, -1)
(114, -111) (-1, 3)
(78, -37) (0, 1)
(42, -74) (1, 2)
(-31, -74) (3, 2)
(-30, 37) (3, -1)
(156, -74) (-2, 2)
(159, -37) (-2, 1)
(12, 74) (2, -2)
(161, -74) (-2, 2)
(199, 37) (-3, -1)
(163, 74) (-2, -2)
(90, 74) (0, -2)
(17, 111) (2, -3)
(92, 37) (0, -1)
(59, -111) (1, 3)
(171, 111) (-2, -3)
(135, 0) (-1, 0)
(62, 111) (1, -3)
(-11, -37) (3, 1)
(-10, -74) (3, 2)
(102, 74) (0, -2)
(142, -74) (-1, 2)
(69, 37) (1, -1)
(74, 74) (1, -2)
(223, -37) (-3, 1)
(77, -74) (1, 2)
(152, 37) (-1, -1)
(79, -37) (1, 1)
(154, 111) (-1, -3)
(81, 0) (1, 0)
(82, -111) (1, 3)
(83, 111) (1, -3)
(47, 111) (2, -3)
(1, 38) (0, -1)
(113, 75) (-3, -2)
(116, 1) (-3, 0)
(-105, 112) (3, -3)
(-93, 112) (3, -3)
(-55, -110) (2, 3)
(99, -110) (-2, 3)
(-48, 112) (2, -3)
(36, -73) (0, 2)
(37, -73) (0, 2)
(-72, 75) (3, -2)
(77, -36) (-1, 1)
(156, -73) (-3, 2)
(157, 1) (-3, 0)
(-62, -73) (3, 2)
(-61, 1) (3, 0)
(14, -73) (1, 2)
(166, 38) (-3, -1)
(56, -73) (0, 2)
(-16, 38) (2, -1)
(96, 38) (-1, -1)
(171, 38) (-3, -1)
(98, -73) (-1, 2)
(-8, 38) (2, -1)
(67, 112) (0, -3)
(149, -110) (-2, 3)
(2, 75) (2, -2)
(119, 38) (-1, -1)
(83, -73) (0, 2)
(-26, 1) (3, 0)
(123, -36) (-1, 1)
(166, 1) (-2, 0)
(204, 75) (-3, -2)
(58, -110) (1, 3)
(22, 75) (2, -2)
(-9, -110) (3, 3)
(29, -36) (2, 1)
(179, -110) (-2, 3)
(69, 1) (1, 0)
(36, 38) (2, -1)
(185, 1) (-2, 0)
(3, 1) (3, 0)
(226, 75) (-3, -2)
(38, -72) (-1, 2)
(2, 2) (0, 0)
(79, 113) (-2, -3)
(80, 39) (-2, -1)
(-19, 76) (1, -2)
(-55, -109) (2, 3)
(-86, 113) (3, -3)
(63, 113) (-1, -3)
(72, 39) (-1, -1)
(-38, 2) (2, 0)
(40, -109) (0, 3)
(78, -109) (-1, 3)
(8, -109) (1, 3)
(-28, -35) (2, 1)
(86, -109) (-1, 3)
(124, 113) (-2, -3)
(-23, -72) (2, 2)
(15, -109) (1, 3)
(92, 113) (-1, -3)
(-55, 113) (3, -3)
(22, -109) (1, 3)
(23, 76) (1, -2)
(103, 113) (-1, -3)
(178, 76) (-3, -2)
(75, 113) (0, -3)
(150, 76) (-2, -2)
(193, 2) (-3, 0)
(9, 2) (2, 0)
(85, -72) (0, 2)
(123, -109) (-1, 3)
(18, -109) (2, 3)
(-18, 39) (3, -1)
(58, -109) (1, 3)
(170, -72) (-2, 2)
(139, -35) (-1, 1)
(-8, 39) (3, -1)
(216, 2) (-3, 0)
(106, 113) (0, -3)
(146, 76) (-1, -2)
(221, 76) (-3, -2)
(77, 113) (1, -3)
(4, 113) (3, -3)
(38, -71) (-1, 2)
(-35, -34) (1, 1)
(79, -34) (-2, 1)
(-31, -108) (1, 3)
(7, -108) (0, 3)
(-66, -71) (2, 2)
(120, -34) (-3, 1)
(10, 40) (0, -1)
(-93, -34) (3, 1)
(56, -71) (-1, 2)
(-49, 40) (2, -1)
(-48, -34) (2, 1)
(108, -34) (-2, 1)
(35, -108) (0, 3)
(78, 3) (-1, 0)
(-69, 77) (3, -2)
(119, 114) (-2, -3)
(-65, -108) (3, 3)
(12, -71) (1, 2)
(-61, 40) (3, -1)
(-22, -71) (2, 2)
(-58, -108) (3, 3)
(129, 40) (-2, -1)
(130, -34) (-2, 1)
(-16, -71) (2, 2)
(170, 114) (-3, -3)
(-8, -34) (2, 1)
(104, 77) (-1, -2)
(75, 40) (0, -1)
(39, 77) (1, -2)
(-34, -108) (3, 3)
(4, -34) (2, 1)
(5, -34) (2, 1)
(43, -71) (1, 2)
(192, -34) (-3, 1)
(193, -108) (-3, 3)
(-26, 77) (3, -2)
(197, 3) (-3, 0)
(198, 114) (-3, -3)
(162, 3) (-2, 0)
(200, 77) (-3, -2)
(53, 40) (1, -1)
(165, 3) (-2, 0)
(203, 114) (-3, -3)
(58, 40) (1, -1)
(-15, 40) (3, -1)
(102, 114) (0, -3)
(66, -108) (1, 3)
(-6, 40) (3, -1)
(-5, 40) (3, -1)
(144, 114) (-1, -3)
(71, -71) (1, 2)
(183, 3) (-2, 0)
(151, -34) (-1, 1)
(189, -108) (-2, 3)
(5, -34) (3, 1)
(80, 40) (1, -1)
(7, -34) (3, 1)
(156, -71) (-1, 2)
(-73, 4) (2, 0)
(-35, 4) (1, 0)
(-106, 115) (3, -3)
(-105, 41) (3, -1)
(-19, 78) (1, -2)
(-18, 78) (1, -2)
(-49, 41) (2, -1)
(-85, -33) (3, 1)
(108, 78) (-2, -2)
(-39, -70) (2, 2)
(110, 4) (-2, 0)
(-37, 115) (2, -3)
(1, 78) (1, -2)
(76, 115) (-1, -3)
(3, 41) (1, -1)
(78, 41) (-1, -1)
(5, 41) (1, -1)
(82, 4) (-1, 0)
(120, -33) (-2, 1)
(123, -70) (-2, 2)
(13, 41) (1, -1)
(16, 115) (1, -3)
(-20, 4) (2, 0)
(55, -107) (0, 3)
(93, 4) (-1, 0)
(177, 78) (-3, -2)
(-7, -70) (2, 2)
(38, 115) (1, -3)
(150, -107) (-2, 3)
(193, 41) (-3, -1)
(9, -70) (2, 2)
(-26, 4) (3, 0)
(123, 41) (-1, -1)
(201, -70) (-3, 2)
(91, 41) (0, -1)
(95, 4) (0, 0)
(22, 78) (2, -2)
(139, -70) (-1, 2)
(66, 41) (1, -1)
(105, -70) (0, 2)
(69, -33) (1, 1)
(183, 115) (-2, -3)
(147, -33) (-1, 1)
(114, -70) (0, 2)
(189, -70) (-2, 2)
(112, 5) (-3, 0)
(-72, -106) (2, 3)
(42, 5) (-1, 0)
(-68, 79) (2, -2)
(18, -69) (0, 2)
(-55, 116) (2, -3)
(25, 116) (0, -3)
(137, -32) (-3, 1)
(145, -69) (-3, 2)
(72, -32) (-1, 1)
(115, 116) (-2, -3)
(42, 5) (0, 0)
(-66, 79) (3, -2)
(-28, -106) (2, 3)
(49, -32) (0, 1)
(13, -32) (1, 1)
(165, 79) (-3, -2)
(92, 116) (-1, -3)
(-55, -32) (3, 1)
(177, 42) (-3, -1)
(67, -69) (0, 2)
(186, 116) (-3, -3)
(113, -106) (-1, 3)
(82, 42) (0, -1)
(46, 42) (1, -1)
(196, 79) (-3, -2)
(160, 116) (-2, -3)
(128, 79) (-1, -2)
(-19, 5) (3, 0)
(95, -106) (0, 3)
(207, 79) (-3, -2)
(139, 116) (-1, -3)
(-8, 116) (3, -3)
(179, 42) (-2, -1)
(32, -32) (2, 1)
(36, -69) (2, 2)
(0, 79) (3, -2)
(77, 79) (1, -2)
(152, -32) (-1, 1)
(-74, -105) (2, 3)
(1, -31) (0, 1)
(-109, 6) (3, 0)
(-108, 80) (3, -2)
(42, 80) (-1, -2)
(43, 6) (-1, 0)
(-94, 117) (3, -3)
(-56, -105) (2, 3)
(130, 6) (-3, 0)
(-54, -68) (2, 2)
(-49, 6) (2, 0)
(137, 43) (-3, -1)
(108, -105) (-2, 3)
(-2, 80) (1, -2)
(-33, -68) (2, 2)
(153, -68) (-3, 2)
(81, 117) (-1, -3)
(45, -105) (0, 3)
(-28, 117) (2, -3)
(47, -31) (0, 1)
(12, 80) (1, -2)
(161, -105) (-3, 3)
(129, 43) (-2, -1)
(130, -68) (-2, 2)
(29, 117) (1, -3)
(67, 43) (0, -1)
(1, -105) (2, 3)
(187, 80) (-3, -2)
(40, 117) (1, -3)
(115, 43) (-1, -1)
(116, 6) (-1, 0)
(6, 80) (2, -2)
(7, -105) (2, 3)
(45, -68) (1, 2)
(196, 80) (-3, -2)
(12, 6) (2, 0)
(-19, -31) (3, 1)
(167, 117) (-2, -3)
(59, -68) (1, 2)
(134, -68) (-1, 2)
(24, 117) (2, -3)
(62, -31) (1, 1)
(63, -105) (1, 3)
(212, 43) (-3, -1)
(65, -31) (1, 1)
(105, -68) (0, 2)
(143, 6) (-1, 0)
(222, 6) (-3, 0)
(112, -31) (0, 1)
(188, 117) (-2, -3)
(152, -31) (-1, 1)
(227, 43) (-3, -1)
(191, 117) (-2, -3)
(44, -68) (2, 2)
(82, -31) (1, 1)
(83, 43) (1, -1)
(195, -68) (-2, 2)
(-111, 118) (3, -3)
(112, 44) (-3, -1)
(2, 81) (0, -2)
(3, 44) (0, -1)
(-33, -67) (1, 2)
(5, -30) (0, 1)
(-105, 118) (3, -3)
(44, 44) (-1, -1)
(122, -104) (-3, 3)
(123, 7) (-3, 0)
(-61, 118) (2, -3)
(125, 81) (-3, -2)
(89, 81) (-2, -2)
(-95, -104) (3, 3)
(54, -30) (-1, 1)
(131, 7) (-3, 0)
(58, -67) (-1, 2)
(-11, -104) (1, 3)
(-10, 81) (1, -2)
(29, 118) (0, -3)
(104, -67) (-2, 2)
(31, 118) (0, -3)
(-5, 7) (1, 0)
(145, 44) (-3, -1)
(109, -104) (-2, 3)
(-75, 81) (3, -2)
(111, 44) (-2, -1)
(38, 7) (0, 0)
(2, -30) (1, 1)
(114, 7) (-2, 0)
(78, 118) (-1, -3)
(-28, 118) (2, -3)
(47, 44) (0, -1)
(85, -30) (-1, 1)
(160, 81) (-3, -2)
(-24, 44) (2, -1)
(88, 44) (-1, -1)
(163, -67) (-3, 2)
(53, -67) (0, 2)
(166, 7) (-3, 0)
(130, -30) (-2, 1)
(-54, 118) (3, -3)
(169, -104) (-3, 3)
(134, 81) (-2, -2)
(61, -67) (0, 2)
(-44, 118) (3, -3)
(179, -30) (-3, 1)
(-38, -67) (3, 2)
(185, 7) (-3, 0)
(75, -104) (0, 3)
(113, 81) (-1, -2)
(4, 7) (2, 0)
(153, 118) (-2, -3)
(117, 44) (-1, -1)
(7, 81) (2, -2)
(119, 7) (-1, 0)
(194, 81) (-3, -2)
(195, -104) (-3, 3)
(122, -67) (-1, 2)
(74, 119) (-2, -3)
(-73, -66) (2, 2)
(-104, -29) (3, 1)
(-29, -103) (1, 3)
(-64, 8) (2, 0)
(-100, -66) (3, 2)
(-20, 119) (1, -3)
(-93, 8) (3, 0)
(-54, -29) (2, 1)
(-16, -103) (1, 3)
(96, 45) (-2, -1)
(-11, 45) (1, -1)
(-47, -103) (2, 3)
(-8, -103) (1, 3)
(-7, 119) (1, -3)
(-6, 119) (1, -3)
(69, 8) (-1, 0)
(111, 8) (-2, 0)
(1, 82) (1, -2)
(-28, -66) (2, 2)
(-64, 45) (3, -1)
(-18, -66) (2, 2)
(-54, -29) (3, 1)
(24, -29) (1, 1)
(-49, -66) (3, 2)
(-45, 45) (3, -1)
(141, -29) (-2, 1)
(148, -103) (-2, 3)
(149, 119) (-2, -3)
(44, 119) (1, -3)
(156, 8) (-2, 0)
(74, 9) (-2, 0)
(-36, -28) (1, 1)
(-67, 46) (2, -1)
(-29, -102) (1, 3)
(84, 46) (-2, -1)
(-100, 9) (3, 0)
(-94, 46) (3, -1)
(129, 120) (-3, -3)
(94, 83) (-2, -2)
(-16, -65) (1, 2)
(-89, 120) (3, -3)
(-14, -102) (1, 3)
(-85, -102) (3, 3)
(-47, 83) (2, -2)
(104, -102) (-2, 3)
(-6, -102) (1, 3)
(-37, 83) (2, -2)
(-73, -65) (3, 2)
(120, -65) (-2, 2)
(84, -28) (-1, 1)
(-18, -65) (2, 2)
(20, -65) (1, 2)
(25, -28) (1, 1)
(63, -102) (0, 3)
(176, 9) (-3, 0)
(-8, -102) (2, 3)
(111, -102) (-1, 3)
(112, -28) (-1, 1)
(81, 83) (0, -2)
(45, 9) (1, 0)
(-37, -64) (1, 2)
(112, -64) (-3, 2)
(-67, 10) (2, 0)
(119, 10) (-3, 0)
(-64, -27) (2, 1)
(11, -101) (0, 3)
(91, -27) (-2, 1)
(-93, -101) (3, 3)
(-54, -64) (2, 2)
(132, -64) (-3, 2)
(-14, 10) (1, 0)
(-50, -101) (2, 3)
(26, 47) (0, -1)
(64, 84) (-1, -2)
(-8, -27) (1, 1)
(141, 10) (-3, 0)
(0, -101) (1, 3)
(1, 47) (1, -1)
(-28, 121) (2, -3)
(47, -27) (0, 1)
(-26, 47) (2, -1)
(-62, 121) (3, -3)
(50, 121) (0, -3)
(88, -101) (-1, 3)
(-18, -64) (2, 2)
(94, 84) (-1, -2)
(-48, -101) (3, 3)
(101, -101) (-1, 3)
(176, 47) (-3, -1)
(111, 10) (-1, 0)
(186, 121) (-3, -3)
(81, 10) (0, 0)
(193, 47) (-3, -1)
(37, 122) (-1, -3)
(1, -63) (0, 2)
(-30, -100) (1, 3)
(82, -63) (-2, 2)
(47, 48) (-1, -1)
(-26, 48) (1, -1)
(54, 48) (-1, -1)
(129, -100) (-3, 3)
(57, 122) (-1, -3)
(58, -100) (-1, 3)
(24, -26) (0, 1)
(-49, -26) (2, 1)
(-48, -100) (2, 3)
(64, 48) (-1, -1)
(111, -63) (-2, 2)
(-73, 48) (3, -1)
(-65, 48) (3, -1)
(158, 85) (-3, -2)
(-18, 48) (2, -1)
(-54, 11) (3, 0)
(173, 11) (-3, 0)
(174, -100) (-3, 3)
(102, 11) (-1, 0)
(29, 122) (1, -3)
(148, 122) (-2, -3)
(75, 85) (0, -2)
(81, 48) (0, -1)
(156, 85) (-2, -2)
(37, 123) (-1, -3)
(1, -62) (0, 2)
(118, -62) (-3, 2)
(119, -62) (-3, 2)
(-101, 49) (3, -1)
(-26, 86) (1, -2)
(-20, 12) (1, 0)
(92, 12) (-2, 0)
(94, 49) (-2, -1)
(95, 86) (-2, -2)
(-86, -62) (3, 2)
(26, -62) (0, 2)
(64, -62) (-1, 2)
(111, -99) (-2, 3)
(75, 12) (-1, 0)
(-65, 86) (3, -2)
(158, 123) (-3, -3)
(-18, 49) (2, -1)
(57, 123) (0, -3)
(172, 86) (-3, -2)
(25, 12) (1, 0)
(177, 12) (-3, 0)
(-7, 123) (2, -3)
(-37, -99) (3, 3)
(-36, 12) (3, 0)
(192, -25) (-3, 1)
(8, -25) (2, 1)
(-37, 87) (1, -2)
(38, -98) (-1, 3)
(-109, 13) (3, 0)
(3, 50) (0, -1)
(115, 87) (-3, -2)
(-106, 87) (3, -2)
(-68, 87) (2, -2)
(118, -98) (-3, 3)
(-100, -61) (3, 2)
(-99, -24) (3, 1)
(-98, 13) (3, 0)
(125, -24) (-3, 1)
(-22, 87) (1, -2)
(90, 124) (-2, -3)
(-20, 13) (1, 0)
(94, -24) (-2, 1)
(58, 124) (-1, -3)
(-48, 13) (2, 0)
(27, -24) (0, 1)
(37, 87) (0, -2)
(149, 13) (-3, 0)
(157, -98) (-3, 3)
(10, -98) (1, 3)
(-56, 50) (3, -1)
(93, 124) (-1, -3)
(-17, -98) (2, 3)
(169, -24) (-3, 1)
(23, -98) (1, 3)
(172, 124) (-3, -3)
(104, -61) (-1, 2)
(68, 124) (0, -3)
(147, 124) (-2, -3)
(0, -24) (2, 1)
(112, -61) (-1, 2)
(150, -61) (-2, 2)
(81, 13) (0, 0)
(45, -98) (1, 3)
